x,y
-4.915627726235468,-4.001853393820265
