x,y
-4.9150285367119935,-4.00166286043441
