x,y
-4.909787265060099,-4.0028853780181555
