x,y
-4.915981412259105,-4.001741849524901
