x,y
-1.9108776116244741,-4.042951033965435
