x,y
-1.9109351662187648,-4.043569996849029
