x,y
-1.9125314604186308,-4.04291128426939
